DSN       DataSet      Platform   StartDate    StopDate  MinLat  MaxLat  MinLon  MaxLon      Nobs      Nagr
  1          NPEO     NPEO-2001  2001 01 01  2002 12 31   89.56   89.56   33.65   33.65     99469        13
  1          NPEO     NPEO-2002  2002 01 01  2003 12 31   89.46   89.46   53.64   53.64     43516        12
  1          NPEO     NPEO-2004  2004 01 01  2005 01 01   89.45   89.45   54.33   54.33     66327        13
  1          NPEO     NPEO-2005  2005 05 01  2005 07 16   89.25   89.25   64.69   64.69     22000         3
  1          NPEO     NPEO-2008  2008 01 01  2010 01 01   89.53   89.53   84.37   84.37    122609        23
  2          BGEP    BGEP_2003A  2003 01 01  2004 12 30   75.01   75.01 -149.98 -149.98  15628919        13
  2          BGEP    BGEP_2003B  2003 01 01  2004 12 30   78.02   78.02 -149.82 -149.82  15099740        12
  2          BGEP    BGEP_2003C  2003 01 01  2004 12 30   76.99   76.99 -139.91 -139.91  15326440        12
  2          BGEP    BGEP_2004A  2004 01 01  2005 01 01   75.00   75.00 -149.97 -149.97  15255079        12
  2          BGEP    BGEP_2004B  2004 01 01  2005 01 01   78.02   78.02 -149.87 -149.87  15630259        13
  2          BGEP    BGEP_2004C  2004 01 01  2005 01 01   76.99   76.99 -139.97 -139.97  15903339        13
  2          BGEP    BGEP_2005A  2005 01 01  2006 12 31   75.01   75.01 -149.89 -149.89  15972940        13
  2          BGEP    BGEP_2005B  2005 08 17  2005 08 31   77.99   77.99 -149.97 -149.97    611239         1
  2          BGEP    BGEP_2005C  2005 01 01  2006 12 31   76.97   76.97 -139.99 -139.99  15767099        12
  2          BGEP    BGEP_2006A  2006 01 01  2007 12 31   75.00   75.00 -150.00 -150.00  14428800        11
  2          BGEP    BGEP_2006B  2006 01 01  2007 12 31   77.99   77.99 -149.97 -149.97  14766800        12
  2          BGEP    BGEP_2006C  2006 01 01  2007 12 31   77.00   77.00 -139.92 -139.92  14812381        12
  2          BGEP    BGEP_2006D  2006 01 01  2007 12 31   74.00   74.00 -139.99 -139.99  14974220        12
  2          BGEP    BGEP_2007A  2007 01 01  2008 12 30   75.00   75.00 -149.97 -149.97  15266599        12
  2          BGEP    BGEP_2007B  2007 01 01  2008 12 30   77.99   77.99 -149.98 -149.98  15027128        12
  2          BGEP    BGEP_2007C  2007 01 01  2008 12 30   76.98   76.98 -139.95 -139.95  15042719        12
  2          BGEP    BGEP_2007D  2007 01 01  2008 12 30   74.00   74.00 -139.91 -139.91  14978700        12
  2          BGEP    BGEP_2008A  2008 01 01  2009 01 01   75.00   75.00 -150.00 -150.00  18138744        14
  2          BGEP    BGEP_2008B  2008 01 01  2009 01 01   78.00   78.00 -150.07 -150.07  17553104        14
  2          BGEP    BGEP_2008D  2008 01 01  2009 01 01   74.00   74.00 -140.00 -140.00  18224640        15
  2          BGEP    BGEP_2009A  2009 01 01  2010 12 31   75.00   75.00 -150.00 -150.00  15650431        12
  2          BGEP    BGEP_2009D  2009 01 01  2010 12 31   73.99   73.99 -139.99 -139.99  15636111        13
  2          BGEP    BGEP_2010A  2010 01 01  2011 12 31   75.00   75.00 -149.98 -149.98  13031341        10
  2          BGEP    BGEP_2010B  2010 01 02  2011 12 31   77.99   77.99 -149.97 -149.97  12827218        10
  2          BGEP    BGEP_2010D  2010 01 01  2011 12 31   74.00   74.00 -139.98 -139.98  13079670        11
  2          BGEP    BGEP_2011A  2011 01 01  2012 12 30   75.00   75.00 -149.98 -149.98  16270060        13
  2          BGEP    BGEP_2011B  2011 01 01  2012 12 30   78.00   78.00 -149.98 -149.98  15969126        13
  2          BGEP    BGEP_2011D  2011 01 01  2012 12 30   73.99   73.99 -139.98 -139.98  16152940        13
  2          BGEP    BGEP_2012A  2012 01 01  2013 01 01   75.00   75.00 -150.00 -150.00  14929373        13
  2          BGEP    BGEP_2012B  2012 01 01  2013 01 01   78.00   78.00 -150.00 -150.00  15240779        12
  2          BGEP    BGEP_2012D  2012 01 01  2013 01 01   73.99   73.99 -139.98 -139.98  14777129        12
  3       IOS-EBS         EBS_1  1992 01 01  2003 01 01   70.33   70.33 -133.74 -133.74   1462706       134
  3       IOS-EBS         EBS_2  1990 01 01  2001 01 01   70.95   70.95 -133.69 -133.69   1155878       106
  3       IOS-EBS         EBS_3  1991 01 01  1992 12 30   70.53   70.53 -131.51 -131.51     72001         7
  3       IOS-EBS         EBS_4  1992 01 01  1996 12 30   71.44   71.44 -130.25 -130.25    431280        40
  3       IOS-EBS         EBS_5  1996 01 01  1998 01 01   73.45   73.45 -126.60 -126.60    231832        22
  3       IOS-EBS         EBS_6  1997 01 01  1998 12 31   74.15   74.15 -125.91 -125.91     92588         9
  3       IOS-EBS         EBS_7  1998 01 01  1999 12 31   73.49   73.49 -125.58 -125.58    109440        10
  3       IOS-EBS         EBS_8  1998 01 01  2002 01 01   72.58   72.58 -127.38 -127.38    505529        47
  3       IOS-EBS         EBS_9  2001 01 01  2002 12 31   70.08   70.08 -133.50 -133.50     66383         7
  4       IOS-CHK      AIM-2003  2003 01 01  2004 12 30   75.10   75.10 -168.00 -168.00  11987543        13
  4       IOS-CHK      AIM-2004  2004 01 01  2005 01 01   75.10   75.10 -168.00 -168.00  11882309        13
  5      USSUB-AN         1960a  1960 02 05  1960 02 15   72.00   89.80 -178.67  181.41    530635        30
  5      USSUB-AN         1960b  1960 08 25  1960 08 25   85.00   89.90 -125.00   90.92    379336        18
  5      USSUB-AN         1969c  1969 04 25  1969 04 25   88.60   90.00   27.20   35.76     79884         3
  5      USSUB-AN         1970a  1970 08 05  1970 08 15   73.70   84.60 -163.10  132.70    328321        11
  5      USSUB-AN          1975  1975 05 05  1975 05 05   84.40   89.90  -54.80   14.35   1191309        17
  5      USSUB-AN          1976  1976 04 05  1976 04 15   70.80   89.80 -179.80  199.86   4038709       119
  5      USSUB-AN          1979  1979 04 15  1979 04 25   82.90   89.90 -123.80   80.57    733162        33
  5      USSUB-AN          1981  1981 10 15  1981 10 15   84.70   89.80  -84.60   76.10    327613        17
  5      USSUB-AN         1982a  1982 11 05  1982 11 25   75.20   89.90 -170.20  218.12   1893826        56
  5      USSUB-AN         1983a  1983 08 05  1983 08 15   86.10   89.40  -97.20   96.94    827276        22
  5      USSUB-AN         1984b  1984 09 15  1984 09 25   76.70   85.90 -174.30  176.17    804138        40
  5      USSUB-AN         1984c  1984 11 15  1984 11 15   74.80   89.40 -172.80 -150.06    480759        24
  5      USSUB-AN         1984d  1984 10 05  1984 11 15   72.40   89.80 -179.80  180.21   1924876        66
  5      USSUB-AN         1987c  1987 05 25  1987 06 25   73.10   89.90 -179.30  192.38   2645867        84
  5      USSUB-AN         1988c  1988 04 05  1988 05 05   72.50   89.70 -143.10   92.84   2036333        51
  5      USSUB-AN         1990c  1990 09 05  1990 09 25   75.50   89.90 -179.70  227.99   1218263        37
  5      USSUB-AN         1993c  1993 04 05  1993 04 15   84.80   89.80 -177.50  180.97   1061126        38
  5      USSUB-AN         1994b  1994 09 15  1994 09 15   74.70   75.60 -171.20 -141.04    521768        17
  5      USSUB-AN         2000a  2000 10 15  2000 10 25   72.30   89.80 -179.20  166.09   2468705       103
  5      USSUB-AN         2005a  2005 07 05  2005 07 05   77.70   88.30 -176.10 -175.63    474315        23
  5      USSUB-AN         2005e  2005 11 12  2005 11 19   72.40   89.80 -176.40  179.93   1232994        35
  6      USSUB-DG         1986a  1986 04 15  1986 06 05   80.30   89.50 -157.90  139.12   2229894        35
  6      USSUB-DG         1986b  1986 04 15  1986 04 25   73.20   89.30 -143.20   70.64   2625511        51
  6      USSUB-DG          1987  1987 04 15  1987 04 25   79.90   88.20 -178.00  181.85   2282572        42
  6      USSUB-DG         1988a  1988 05 25  1988 05 25   80.70   90.00  -60.90  135.10   1276012        26
  6      USSUB-DG         1988b  1988 08 05  1988 08 25   77.30   89.90 -176.90    4.25   1467607        30
  6      USSUB-DG         1989b  1989 09 15  1989 09 25   77.30   89.90 -176.40  183.98   2195397        39
  6      USSUB-DG          1990  1990 03 15  1990 04 15   72.90   89.90 -160.60  -31.17    540713        11
  6      USSUB-DG          1991  1991 03 25  1991 05 15   73.80   89.90 -174.60   98.61   3384397        63
  6      USSUB-DG         1992a  1992 05 05  1992 05 05   86.00   90.00   -3.50   56.14    259660         6
  6      USSUB-DG         1992b  1992 08 25  1992 09 05   78.20   89.90 -176.50  124.68    900503        17
  6      USSUB-DG         1992g  1992 04 15  1992 04 15   83.00   86.30  149.80  149.90    313528         7
  6      USSUB-DG         1992L  1992 04 15  1992 04 15   73.80   90.00 -151.80    7.40   1816410        36
  6      USSUB-DG          1993  1993 04 15  1993 04 25   73.90   90.00 -174.50   47.96   2876505        51
  6      USSUB-DG       1993scx  1993 09 01  1993 09 12   74.00   89.97 -179.35  345.85   4845583        78
  6      USSUB-DG          1994  1994 04 05  1994 04 05   73.30   90.00 -179.20   17.25   3471808        70
  6      USSUB-DG       1996scx  1996 09 15  1996 10 28   71.24   89.98 -175.56  163.84  11262233       135
  6      USSUB-DG       1997scx  1997 09 04  1997 10 02   74.71   89.87 -179.85  180.99   6995589       118
  6      USSUB-DG       1998scx  1998 08 02  1998 08 16   72.71   89.98 -177.58  215.23   4959581        50
  6      USSUB-DG       1999scx  1999 04 02  1999 05 13   70.57   89.46 -167.67  182.40  14679356       136
  7      UKSUB-AN          UK87  1987 05 08  1987 05 26   72.83   89.93 -190.06  177.93   4852720       109
  7      UKSUB-AN          UK91  1991 04 11  1991 04 27   77.05   88.52  -15.74   40.14   1545864        40
  8      UKSUB-DG          UK76  1976 04 07  1976 04 10   70.59   75.26 -154.24 -138.25   1349919        27
  9        AWI-GS   uls25-99-00  1999 01 01  2000 12 30   79.00   79.00   -2.05   -2.05     88159        11
  9        AWI-GS   uls26-91-92  1991 01 01  1992 12 30   75.00   75.00  -12.50  -12.50    106078        15
  9        AWI-GS   uls31-00-01  2000 01 01  2001 01 01   74.41   74.41  -10.20  -10.20    104589        13
  9        AWI-GS      uls31-92  1992 09 01  1992 12 31   74.88   74.88  -11.72  -11.72     33586         4
  9        AWI-GS   uls32-93-94  1993 01 01  1994 12 31   74.88   74.88   -7.63   -7.63     92357        11
  9        AWI-GS   uls32-97-98  1997 01 01  1998 12 31   79.01   79.01   -2.04   -2.04    101363        12
  9        AWI-GS   uls32-99-00  1999 01 01  2000 12 30   74.41   74.41  -10.25  -10.25     96782        12
  9        AWI-GS   uls47-01-02  2001 01 01  2002 12 31   74.41   74.41  -10.20  -10.20     99051        13
  9        AWI-GS   uls47-98-99  1998 01 01  1999 12 31   79.00   79.00   -2.04   -2.04    106319        13
  9        AWI-GS   uls48-00-01  2000 01 01  2001 01 01   79.02   79.02   -2.03   -2.03    122890        15
  9        AWI-GS   uls49-94-95  1994 01 02  1995 12 31   74.96   74.96  -12.98  -12.98    104353        15
 10        AIR-EM   uls25-99-00  1999 01 01  2000 12 30   79.00   79.00   -2.05   -2.05     88159        11
 10        AIR-EM   uls26-91-92  1991 01 01  1992 12 30   75.00   75.00  -12.50  -12.50    106078        15
 10        AIR-EM   uls31-00-01  2000 01 01  2001 01 01   74.41   74.41  -10.20  -10.20    104589        13
 10        AIR-EM      uls31-92  1992 09 01  1992 12 31   74.88   74.88  -11.72  -11.72     33586         4
 10        AIR-EM   uls32-93-94  1993 01 01  1994 12 31   74.88   74.88   -7.63   -7.63     92357        11
 10        AIR-EM   uls32-97-98  1997 01 01  1998 12 31   79.01   79.01   -2.04   -2.04    101363        12
 10        AIR-EM   uls32-99-00  1999 01 01  2000 12 30   74.41   74.41  -10.25  -10.25     96782        12
 10        AIR-EM   uls47-01-02  2001 01 01  2002 12 31   74.41   74.41  -10.20  -10.20     99051        13
 10        AIR-EM   uls47-98-99  1998 01 01  1999 12 31   79.00   79.00   -2.04   -2.04    106319        13
 10        AIR-EM   uls48-00-01  2000 01 01  2001 01 01   79.02   79.02   -2.03   -2.03    122890        15
 10        AIR-EM   uls49-94-95  1994 01 02  1995 12 31   74.96   74.96  -12.98  -12.98    104353        15
 11     ICESAT1-G             1  2003 02 20  2003 03 20   66.28   86.02 -180.00  180.00   4148409      2412
 11     ICESAT1-G            2a  2003 10 04  2003 11 18   69.60   86.05 -180.00  180.00   4568451      2163
 11     ICESAT1-G            2b  2004 02 17  2004 03 21   65.83   86.05 -180.00  180.00   6077416      3137
 11     ICESAT1-G            2c  2004 05 18  2004 06 21   68.51   86.03 -180.00  180.00    622678       662
 11     ICESAT1-G            3a  2004 10 03  2004 11 08   69.79   86.03 -180.00  180.00   3152163      1843
 11     ICESAT1-G            3b  2005 02 17  2005 03 24   66.40   86.05 -180.00  180.00   6227406      3080
 11     ICESAT1-G            3c  2005 05 20  2005 06 23   68.32   86.04 -180.00  180.00   2202327      1486
 11     ICESAT1-G            3d  2005 10 21  2005 11 24   70.11   86.04 -180.00  180.00   3259063      1939
 11     ICESAT1-G            3e  2006 02 22  2006 03 28   65.83   86.05 -180.00  180.00   6256526      3131
 11     ICESAT1-G            3f  2006 05 24  2006 06 26   68.83   86.04 -180.00  180.00    615230       597
 11     ICESAT1-G            3g  2006 10 25  2006 11 27   69.94   86.04 -180.00  180.00   2259053      1752
 11     ICESAT1-G            3h  2007 03 12  2007 04 14   66.04   86.04 -180.00  180.00   4732242      2829
 11     ICESAT1-G            3i  2007 10 02  2007 11 05   71.93   86.03 -180.00  180.00   1021181       837
 11     ICESAT1-G            3j  2008 02 17  2008 03 21   65.83   86.03 -180.00  180.00   6500560      3167
 11     ICESAT1-G            3k  2008 10 04  2008 10 19   76.03   86.03 -180.00  180.00    400510       417
 12        BIO_LS       1487.00  2003 01 01  2004 12 30   74.20   74.20  -90.84  -90.84  14891533        12
 12        BIO_LS       1574.00  2005 01 01  2006 12 31   74.19   74.19  -90.87  -90.87  10109057        12
 12        BIO_LS       1608.00  2006 01 01  2007 12 31   74.19   74.19  -90.86  -90.86   9767581        12
 13      CanCoast           HA1  1972 01 04  1978 01 01   61.05   61.05  -69.63  -69.63       199        56
 13      CanCoast           IC1  1965 01 05  1973 12 31   78.78   78.78 -103.50 -103.50       150        40
 13      CanCoast           LT1  1959 01 01  2013 12 31   82.49   82.49  -62.58  -62.58      1552       430
 13      CanCoast           WEU  1947 01 01  2013 01 01   79.98   79.98  -85.95  -85.95      2027       559
 13      CanCoast           YAB  1959 01 01  1970 12 31   73.04   73.04  -85.15  -85.15       210        61
 13      CanCoast           YCB  1959 01 01  2013 01 01   69.12   69.12 -105.13 -105.13      1701       448
 13      CanCoast           YCO  1958 01 01  1988 12 31   67.83   67.83 -115.08 -115.08       734       196
 13      CanCoast           YCS  1959 01 01  1981 01 01   63.33   63.33  -90.70  -90.70       613       164
 13      CanCoast           YCY  1959 01 01  1993 01 01   70.48   70.48  -68.52  -68.52      1120       293
 13      CanCoast           YFB  1959 01 01  2013 01 01   63.75   63.75  -68.55  -68.55      1273       342
 13      CanCoast           YHA  1972 01 04  1986 01 01   61.05   61.05  -69.63  -69.63       318        86
 13      CanCoast           YHI  1960 01 01  1969 12 31   70.72   70.72 -117.72 -117.72       279        71
 13      CanCoast           YIC  1948 01 01  1978 01 01   78.78   78.78 -103.50 -103.50       732       233
 13      CanCoast           YIO  1964 01 02  1993 01 01   72.68   72.68  -78.00  -78.00       587       160
 13      CanCoast           YLT  1950 01 01  2013 12 31   82.48   82.48  -62.35  -62.35      1675       497
 13      CanCoast           YMD  1949 01 01  1997 01 01   76.24   76.24 -119.32 -119.32      1388       405
 13      CanCoast           YNC  1959 01 01  1976 12 30   69.41   69.41  -93.83  -93.83       288        77
 13      CanCoast           YRB  1947 01 01  2013 01 01   74.72   74.72  -94.98  -94.98      1825       521
 13      CanCoast           YSY  1956 01 01  1986 01 01   72.00   72.00 -125.00 -125.00       872       244
 13      CanCoast           YTE  1970 01 01  1993 12 31   64.23   64.23  -76.53  -76.53       592       163
 13      CanCoast           YUB  1971 01 01  1977 01 01   69.43   69.43 -132.97 -132.97       123        31
 13      CanCoast           YUJ  1980 01 02  1989 01 01   68.48   68.48 -113.25 -113.25        99        51
 13      CanCoast           YUR  1977 01 02  1992 12 30   68.63   68.63  -97.72  -97.72       177        93
 13      CanCoast           YUS  1971 01 03  1985 12 31   68.83   68.83  -93.83  -93.83        80        22
 13      CanCoast           YUX  1959 01 01  2013 01 01   68.78   68.78  -81.23  -81.23      1204       352
 13      CanCoast           YZS  1958 01 01  2013 01 01   64.13   64.13  -83.26  -83.26      1306       375
 13      CanCoast           ZUE  1959 01 01  1992 12 31   70.15   70.15 -124.67 -124.67      1071       272
 14      Davis_St       C1-2005  2005 01 01  2006 12 31   66.69   66.69  -60.78  -60.78     70127        10
 14      Davis_St       C2-2006  2006 01 01  2007 12 31   66.76   66.76  -60.07  -60.07     69960        11
 14      Davis_St       C2-2007  2007 01 01  2008 12 30   66.76   66.76  -60.07  -60.07    151123        11
 14      Davis_St       C4-2006  2006 01 01  2007 12 31   66.98   66.98  -57.68  -57.68     89452        12
 14      Davis_St       C4-2007  2007 01 01  2008 12 30   66.98   66.98  -57.69  -57.69     88037        11
 14      Davis_St       C6-2006  2006 01 01  2007 12 31   67.07   67.07  -56.68  -56.68     85312        12
 15  IceBridge-V2   2009-GrnlV2  2009 04 02  2009 04 24   69.75   85.93 -135.37  -31.59     54509        55
 15  IceBridge-V2   2010-GrnlV2  2010 03 24  2010 04 20   73.70   87.99 -170.72  179.29    260705       215
 15  IceBridge-V2   2011-GrnlV2  2011 03 16  2011 03 28   71.51   87.98 -174.73    9.62    256103       152
 15  IceBridge-V2   2012-GrnlV2  2012 03 14  2012 04 10   67.04   89.65 -168.82    9.90    289234       267
 15  IceBridge-V2   2013-GrnlV2  2013 03 20  2013 04 24   69.67   89.93 -168.86   29.91    260693       244
 16  IceBridge-QL   2012-GrnlQL  2012 03 14  2012 03 28   67.04   88.26 -168.81    9.90    205297       204
 16  IceBridge-QL   2013-GrnlQL  2013 03 20  2013 04 24   69.48   89.85 -168.89   21.51    210073       242
 16  IceBridge-QL   2014-GrnlQL  2014 03 12  2014 04 04   69.97   86.92 -168.04   26.00    235595       231
 16  IceBridge-QL   2015-GrnlQL  2015 03 20  2015 04 04   70.60   89.93 -161.82   24.88    167012       183
 16  IceBridge-QL   2016-GrnlQL  2016 04 20  2016 04 28   70.95   81.10 -159.34 -119.18     14284        22
 17   CryoSat-AWI     v20170323  2011 01 01  2017 01 01   54.91   88.15 -179.78  179.78 127396216    141714
 18    ICESAT1-SH          FM04  2004 02 18  2004 03 21  -78.20  -64.40 -179.88  179.42    114324       264
 18    ICESAT1-SH          FM05  2005 02 17  2005 03 24  -78.19  -64.60 -179.96  179.55    118320       290
 18    ICESAT1-SH          FM06  2006 02 23  2006 03 28  -78.18  -64.16 -170.99  169.55     65427       170
 18    ICESAT1-SH          FM08  2008 02 17  2008 03 21  -78.20  -67.07 -179.74  179.29     33849        94
 18    ICESAT1-SH          MA07  2007 03 12  2007 04 14  -78.49  -64.45 -179.03  179.25    132301       310
 18    ICESAT1-SH          MJ04  2004 05 18  2004 06 16  -78.46  -59.53 -179.90  179.65    391427       995
 18    ICESAT1-SH          MJ05  2005 05 20  2005 06 23  -78.48  -60.49 -179.99  179.72   1016262      2147
 18    ICESAT1-SH          MJ06  2006 05 24  2006 06 26  -78.44  -60.29 -179.92  179.80    832476      1844
 18    ICESAT1-SH          ON03  2003 09 25  2003 11 18  -78.54  -55.81 -179.64  179.99    886076      1950
 18    ICESAT1-SH          ON04  2004 10 03  2004 11 08  -78.49  -56.33 -179.89  179.34    714061      1651
 18    ICESAT1-SH          ON05  2005 10 22  2005 11 23  -78.46  -57.76 -179.65  179.77    328480       828
 18    ICESAT1-SH          ON06  2006 10 25  2006 11 27  -78.44  -57.71 -179.71  179.96    287523       736
 18    ICESAT1-SH          ON07  2007 10 02  2007 11 05  -78.44  -56.41 -179.57  179.97    450236      1153
 20        AWI-WS      AWI206-4  1996 01 01  1997 01 01  -63.49  -63.49  -52.10  -52.10     52511        20
 20        AWI-WS      AWI206-6  2008 01 01  2010 01 01  -63.48  -63.48  -52.10  -52.10   1433747        33
 20        AWI-WS      AWI207-2  1990 01 01  1992 12 30  -63.75  -63.75  -50.90  -50.90    129153        24
 20        AWI-WS      AWI207-4  1996 01 01  1997 01 01  -63.72  -63.72  -50.82  -50.82     46747        17
 20        AWI-WS      AWI207-6  2005 01 01  2008 12 30  -63.70  -63.70  -50.87  -50.87    425386        35
 20        AWI-WS      AWI207-7  2008 04 01  2008 09 16  -63.71  -63.71  -50.84  -50.84    237208         6
 20        AWI-WS      AWI208-3  1993 01 01  1994 12 31  -65.63  -65.63  -36.49  -36.49    201171        19
 20        AWI-WS      AWI208-5  2008 01 01  2010 01 01  -65.61  -65.61  -37.41  -37.41   1433147        33
 20        AWI-WS      AWI209-3  1993 01 01  1993 11 11  -66.62  -66.62  -27.12  -27.12    111101        11
 20        AWI-WS      AWI210-2  1990 01 01  1992 12 30  -69.66  -69.66  -15.72  -15.72    130494        25
 20        AWI-WS      AWI212-2  1990 01 01  1992 12 30  -70.91  -70.91  -11.96  -11.96    128647        25
 20        AWI-WS        AWI217  1990 01 01  1992 12 30  -64.42  -64.42  -45.85  -45.85    129496        24
 20        AWI-WS      AWI227-3  1996 01 01  1997 01 01  -59.03  -59.03   -0.02   -0.02     45374        10
 20        AWI-WS      AWI227-4  1997 01 01  1998 12 31  -59.06  -59.06    0.05    0.05    212853        16
 20        AWI-WS      AWI227-6  1999 01 01  2000 12 30  -59.07  -59.07    0.07    0.07    113158        22
 20        AWI-WS      AWI229-1  1996 01 01  1997 01 01  -63.99  -63.99   -0.00   -0.00     51956        21
 20        AWI-WS      AWI229-2  1998 01 01  1999 12 31  -63.98  -63.98    0.04    0.04     93495        10
 20        AWI-WS      AWI229-3  1999 03 04  1999 08 15  -63.96  -63.96    0.04    0.04     52316         6
 20        AWI-WS      AWI229-4  2001 01 01  2002 12 31  -63.96  -63.96    0.04    0.04    172839        19
 20        AWI-WS      AWI229-5  2002 01 01  2005 01 01  -63.95  -63.95   -0.00   -0.00    273811        26
 20        AWI-WS      AWI229-6  2005 02 07  2005 12 16  -63.95  -63.95   -0.01   -0.01    351033        11
 20        AWI-WS      AWI229-8  2008 01 01  2010 01 01  -63.97  -63.97   -0.05   -0.05   2526773        34
 20        AWI-WS      AWI230-2  1999 01 18  1999 06 30  -66.00  -66.00    0.18    0.18     58419         6
 20        AWI-WS      AWI230-3  2001 01 01  2002 12 31  -66.01  -66.01    0.17    0.17    255586        24
 20        AWI-WS      AWI231-1  1996 01 01  1997 01 01  -66.50  -66.50   -0.01   -0.01     58158        21
 20        AWI-WS      AWI231-2  1998 01 01  1999 12 31  -66.50  -66.50   -0.02   -0.02     90163         9
 20        AWI-WS      AWI231-3  1999 01 18  1999 06 30  -66.50  -66.50    0.02    0.02     58354         6
 20        AWI-WS      AWI231-4  2001 01 01  2002 12 31  -66.50  -66.50   -0.03   -0.03    249701        24
 20        AWI-WS      AWI231-6  2005 02 09  2005 12 18  -66.51  -66.51   -0.03   -0.03    444976        11
 20        AWI-WS      AWI231-7  2005 01 01  2008 12 30  -66.51  -66.51   -0.03   -0.03    572648        27
 20        AWI-WS      AWI232-1  1996 01 01  1997 01 01  -69.00  -69.00    0.00    0.00     26882        10
 20        AWI-WS      AWI232-4  1999 01 20  2000 12 20  -68.99  -68.99   -0.03   -0.03    140970        19
 20        AWI-WS      AWI232-5  2001 01 01  2002 12 31  -68.99  -68.99   -0.04   -0.04    215668        24
 20        AWI-WS      AWI232-6  2002 01 01  2005 01 01  -69.00  -69.00   -0.01   -0.01    282860        27
 20        AWI-WS      AWI232-8  2005 01 01  2008 12 30  -69.00  -69.00   -0.00   -0.00    564691        27
 20        AWI-WS      AWI232-9  2008 01 01  2010 01 01  -69.00  -69.00   -0.00   -0.00    705067        34
 20        AWI-WS      AWI233-2  1997 01 01  1998 12 31  -69.40  -69.40    0.00    0.00    177692        14
 20        AWI-WS      AWI233-6  2002 01 01  2005 01 01  -69.39  -69.39   -0.07   -0.07    279330        27
